----Prob 1
429.12 0
27 3 46 41 24 8 4 34 23 35 13 7 19 40 18 16 44 14 15 38 50 39 49 17 32 48 22 31 1 25 20 37 21 43 29 42 11 30 12 36 6 26 47 33 0 5 2 28
10 9 45

ou

429.93 0
3 46 24 8 4 34 23 35 13 7 19 40 18 16 44 14 15 38 50 39 49 17 32 48 22 31 1 25 20 37 21 43 29 42 11 30 12 36 6 26 47 33 0 5 2 28 10 9 45 27 41

----Prob 2
20786.90 0
41 68 48 42 53 9 18 52 22 8 90 38 70 72 19 25 40 43 44 99 11 32 21 35 54 92 5 20 87 88 77 37 47 7 83 39 74 66 57 71 24 55 3 51 84 17 79
 26 29 14 80 96 16 4 91 69 13 28 62 64 76 34 50 2 89 61 98 67 78 95 73 81 75 56 31 27 58 10 86 65 0 12 93 15 97 33 60 1 36 45 46 30 94
82 49 23 6 85 63 59

----Prob 3
29934.93 0
163 181 9 141 8 101 115 4 176 2 82 39 5 17 84 58 149 63 42 76 90 53 153 62 15 151 157 183 106 68 133 156 173 64 159 85 95 142 188 186 13 67 32 165 44 98 77 30 56 71 134 160 193 
79 75 126 108 124 145 45 51 7 65 37 185 148 167 109 41 22 120 189 100 194 73 111 60 170 6 197 131 66 74 158 175 35 128 107 198 196 190 28 127 57 102 110 192 21 184 172 152
69 88 10 89 16 93 139 138 48 169 97 166 96 104 31 161 125 199 155 0 49 168 174 129 33 80 137 119 179 26 23 87 178 12 180 78 146 164 40 83 136 171 14 72 38 187 70 121 122 92 
3 154 43 59 52 123 117 144 135 18 195 36 61 34 118 50 191 99 29 143 1 47 140 91 116 177 54 112 86 25 162 130 147 94 150 55 20 46 27 11 114 132 105 103 182 81 113 24 19

----Prob 4
39805.14 0
448 447 446 443 444 445 431 432 430 429 428 427 426 421 420 416 415 414 413 353 354 352 351 350 349 348 347 362 363 361 359 360 358 357 355 356 412 411 410 418 417 419 422 
423 424 425 382 386 387 385 383 384 409 403 402 401 400 404 405 408 407 406 399 397 398 370 369 368 367 366 327 329 328 326 325 324 323 322 373 372 371 396 395 394 393 392 
391 388 389 390 381 380 378 379 377 376 375 374 315 314 316 313 312 311 310 309 308 307 303 306 304 305 318 317 319 320 321 297 296 295 294 293 292 291 330 331 332 333 340 
341 343 342 365 364 346 345 344 339 338 337 336 335 334 283 284 285 286 287 280 281 282 279 278 277 276 288 289 290 275 274 273 272 269 270 268 271 267 266 298 299 265 264 
263 262 261 260 259 258 300 257 256 255 253 254 252 251 250 249 248 247 246 216 217 215 214 213 212 211 210 209 205 206 207 208 203 204 202 201 200 199 198 197 196 195 194 
193 192 191 226 225 219 218 220 221 222 224 223 232 233 231 230 229 228 189 227 190 186 182 183 185 184 181 179 180 169 171 170 175 172 174 173 108 109 107 542 541 543 544 
545 546 547 103 104 105 106 118 120 119 73 95 96 97 94 89 88 78 77 76 75 74 72 71 123 122 121 117 116 115 114 110 111 112 113 161 162 168 163 167 166 164 165 154 153 142 143 
144 145 146 147 148 152 149 150 151 141 140 139 138 137 136 135 134 133 158 157 159 156 155 160 132 131 130 129 128 127 126 125 124 69 70 68 67 66 65 64 63 60 61 62 79 80 81 
59 57 58 56 55 83 82 51 84 85 86 87 90 93 92 91 50 52 53 54 49 48 47 46 45 44 43 42 39 41 40 38 37 36 35 34 33 32 30 31 29 28 27 26 25 24 21 22 23 12 13 14 15 16 11 10 9 3 2
1 4 0 573 571 572 5 6 7 8 17 18 19 20 568 570 569 567 566 565 564 563 562 561 560 550 559 558 557 556 555 554 553 552 100 99 98 102 101 551 549 548 478 477 479 480 476 481 
483 482 475 473 474 468 469 470 496 464 465 467 466 463 462 461 460 459 458 457 456 455 454 438 437 433 434 435 436 439 453 452 499 500 501 498 497 519 518 495 471 472 494 
524 493 486 490 491 492 525 526 523 522 521 520 517 516 515 514 513 509 510 511 512 527 528 529 489 487 535 485 484 536 537 539 538 540 176 177 178 187 188 534 488 533 532 
531 530 234 236 235 237 240 239 238 245 243 244 242 241 301 302 508 507 506 505 504 503 502 451 450 441 440 442 449

----Prob 5 (?)
368823.23 0
1045 1848 529 1057 56 55 1838 1684 1792 54 581 872 1870 526 1365 534 642 1864 895 591 643 653 343 260 1483 516 262 655 1759 1758 1488 1757 1756 1748 1752 1753 1754 
1755 1454 1453 1452 1451 1450 1449 1448 1447 1446 1445 1444 1443 1442 1441 1440 1439 1438 1437 1436 1435 1434 1433 1432 1431 1430 1429 1428 1289 1793 409 1469 1468
1467 1466 1465 1464 1463 1290 1159 1255 1019 1215 1462 1461 1523 1522 1521 307 1520 1627 1507 1760 545 1421 1414 1413 1412 1411 1410 1409 1408 1407 1406 1405 1404 
660 631 770 1056 1637 1638 1639 1640 1641 1598 314 731 393 1599 547 1653 1415 1628 1667 1458 375 1700 1728 436 1020 793 398 1782 548 546 385 1701 1729 923 448 437 
258 751 480 215 255 181 1021 1252 1253 1160 1740 1739 1022 1216 1702 1730 112 1459 1629 722 1417 784 706 1501 1658 300 1605 384 444 661 308 502 1416 1616 1617 19 
372 541 386 419 966 318 1046 1589 1647 1648 1656 1657 316 1600 1646 1645 1047 1644 1511 251 407 967 162 964 965 963 159 962 126 961 960 959 958 957 956 955 469 186 
608 1698 1528 1527 1526 1609 1004 1005 1006 1007 684 1619 1634 87 60 1699 364 89 92 1829 1232 609 225 1535 446 160 1259 704 782 1536 1122 1815 1260 968 1048 1831 
1777 1877 705 90 20 1651 1726 1590 783 1601 721 476 1654 254 252 720 12331830 719 61 1697 45 1635 1620 1072 1525 44 1002 1607 10 15 1306 1400 33 1516 91 716 820 
1493 1372 106 1543 792 805 636 814 204 756 778 857 829 746 852 842 786 699 428 780 838 848 817 757 280 383 853 863 237 943 867 759 422 268 774 821 276 584 294 825 
754 811 248 210 468 269 772 562 559 301 564 689 455 675 431 140 378 277 452 680 154 639 645 305 311 312 617 685 363 634 637 470 187 220 717 610 226 279 473 161 447 
320 475 253 214 970 196 1261 969 1049 1262 1263 1264 1265 194 1266 1267 1050 1308 1309 1310 1311 213 1312 1313 1314 1315 1316 323 319 373 1591 836 1602 794 568 472 
271 333 304 336 337 686 474 299 334 250 328 338 303 335 707 595 544 394 734 272 1317 1268 1269 1270 1271 1272 1273 1274 1275 1276 1675 1418 1277 1278 1279 1280 1281 
1282 1283 1284 1217 1023 1285 1286 1287 1161 1162 1163 1164 1165 1166 1167 1168 921 51 624 1746 511 1751 922 626 512 462 1819 1820 1821 1822 1823 1706 1846 1234 1235 
1236 1237 1238 188 1239 1240 683 278 1179 1862 171 168 1181 1182 1183 1184 169 1185 170 1186 1187 1188 1189 1190 1062 1191 1043 1192 1193 1194 175 48 1773 2 992 828 
1661 985 979 1843 827 190 174 577 847 860 598 1250 191 1249 1248 1044 1247 1063 1246 1245 1244 1243 1242 1241 920 572 442 1689 443 670 672 671 1370 571 1884 1180 1847 
1707 1883 1039 1038 1037 1036 144 1035 542 569 833 1880 832 835 1747 834 119 831 1034 143 461 1033 1032 1031 1030 1029 1028 1027 1818 1524 108 1761 1785 1786 415 263 
142 193 216 182 256 481 752 607 524 365 427 401 374 606 732 924 259 438 449 503 309 662 445 723 354 249 477 456 389 1026 1025 1024 145 1016 1015 1014 1731 1771 1460 
1630 1770 1676 1419 1769 1665 1615 1420 1666 1502 1768 1652 1592 1603 1767 1766 1765 1051 388 212 127 317 315 420 520 479 408 387 148 344 471 273 531 195 1003 1808 
432 1608 11 16 1307 1401 14 1595 826 211 1517 13 560 823 1494 12 180 179 1373 822 281 1542 1334 1541 1540 1539 913 1204 1333 1332 945 1538 1537 1696 1859 1001 912 
1811 1790 1071 911 910 905 909 906 1070 1789 1810 907 1000 1858 1695 908 1205 1206 1207 1208 1209 1210 1211 1212 1213 1214 789 810 178 185 466 567 435 298 493 803 
350 122 223 800 797 510 139 208 441 362 123 999 138 998 207 1693 1694 118 949 1604 1825 651 116 1203 807 411 741 239 403 153 1692 1328 1329 1330 1331 1202 788 492 
809 566 297 125 206 440 137 796 361 509 222 349 799 802 434 465 177 184 64 1298 104 102 115 1804 111 105 819 585 1399 1398 246 1397 245 1396 1395 236 1807 1806 1805 
1803 114 101 1297 1296 777 113 851 1388 1387 1386 1385 1295 1228 948 1302 1788 240 1376 1069 1068 1375 241 1067 1377 1378 1379 1380 1301 997 1327 1381 1382 1383 1384 
98 1326 1691 996 742 1066 63 1300 1857 99 1809 947 1226 1227 1201 745 100 743 856 242 1389 1390 1391 1392 243 1393 247 1394 698 816 382 1371 1492 864 110 1515 275 1305 
18 17 1118 865 65 9 1498 1737 96 97 1612 83 1012 1077 1633 1624 1531 59 953 94 1828 1231 1324 1337 1534 1625 1078 53 76 1613 75 1738 1499 1495 1496 688 377 451 1614 1013 
1621 1636 954 730 313 769 630 659 1510 1427 1258 1814 729 1121 219 1827 93 952 58 1530 1623 1632 1076 1011 679 1010 1075 1622 1631 1611 78 77 454 376 430 674 687 270 781 
306 747 310 155 141 760 768 678 629 450 302 812 663 558 638 728 561 771 658 467 209 644 616 753 824 293 586 158 563 274 773 267 421 854 866 758 283 235 244 429 849 381 818 
715 815 837 830 779 697 841 785 744 776 850 791 942 755 813 650 804 203 855 176 787 808 565 183 296 124 464 798 348 221 360 795 205 402 491 806 635 152 410 238 439 136 508 
801 433 1200 1065 1374 62 1787 1299 995 1856 1690 1325 117 295 946 649 1294 71 790 103 839 840 282 1544 1545 1489 284 1546 1512 1115 1303 971 1008 1073 974 973 972 8 1304 
1116 1513 7 557 1490 1491 868 109 1514 1117 453 673 1497 1736 1779 1780 1610 1009 1074 1079 1080 950 1081 1082 1083 1084 1085 395 412 416 227 224 748 1425 1256 1812 664 
1119 1532 1335 41 1229 1826 79 951 57 1529 1230 42 1336 1533 1120 761 1813 1257 1426 1509 1124 519 1125 1797 1833 1764 1673 47 1055 762 1763 1832 1796 478 666 1054 750 
749 1762 665 1795 1123 1508 1126 163 1127 164 1053 1128 1129 1130 1131 1132 1133 1134 1135 1136 1137 1778 1642 1593 1724 1886 1402 1878 1596 1649 1650 1597 1879 1403 
1887 1725 1594 1643 1500 1618 1664 1424 1503 1663 1423 1606 80 1506 1626 1519 1145 1144 1143 1142 1141 1140 1139 1138 1345 1344 1343 1342 1341 1340 1339 1338 229 228 
417 418 414 413 1090 1089 1088 1087 1086 156 399 285 1093 286 400 1092 157 1091 396 397 1052 1094 1095 1096 1097 1098 1099 1100 1101 1102 1103 1548 1547 1504 1422 1549 
1550 1505 1551 1518 1552 1553 1112 1113 1114 1017 1359 1554 1254 1158 1555 1556 1557 1224 1558 1559 1560 1561 1562 1563 1564 1565 1566 1567 1568 1569 1570 1486 287 1571 
1572 1573 1574 1575 1456 1576 1577 288 1363 1578 289 1579 1580 1581 1582 1583 1584 1064 290 1585 151 484 627 359 406 1682 356 1681 1364 355 1680 1670 1457 1679 1678 1677 
86 85 1487 5 40 66 74 1851 46 84 49 1865 1888 1735 1836 1776 1844 1840 1225 1874 1781 1727 1288 1318 1358 1357 1356 1355 1354 1111 1110 1109 1108 1107 1106 1105 1104 1346 
1347 1348 1349 1350 1351 1352 1353 1146 1147 1148 1149 1150 1151 1152 1018 1153 1154 1155 1156 1157 1218 1219 1220 1221 1222 1223 486 681 549 875 518 891 625 878 618 884 
501 656 874 640 889 603 555 570 941 425 543 266 917 718 936 682 463 495 575 775 257 900 604 261 517 342 652 641 590 894 646 232 527 583 871 580 632 765 536 357 404 869 708 
1455 1484 1671 1875 667 1876 535 668 1791 1683 1837 861 574 767 149 594 291 218 858 615 147 539 528 500 231 619 845 710 371 694 1869 1198 1251 712 600 714 1722 696 713 599 
1199 39 601 1868 521 975 980 937 331 930 1659 987 1853 931 134 514 552 702 739 459 623 391 693 932 506 131 588 324 353 347 332 1662 1845 379 490 488 202 727 596 192 172 578 
843 725 537 736 928 944 522 128 898 321 981 120 1660 988 1854 121 88 938 994 1863 703 740 460 1775 1817 1816 692 325 1674 982 329 532 497 345 926 351 132 326 589 507 933 550 
690 135 457 621 515 737 700 939 392 989 990 993 1774 1772 1 991 1855 505 984 986 983 977 976 1293 1195 1361 1723 95 1292 1196 1362 1849 43 1319 36 1058 24 52 28 233 1060 38 
1321 81 1686 25 1059 37 1320 1040 1850 499 1041 1586 1197 1852 1655 978 1588 1587 1721 1360 1720 1042 1719 1717 1718 23 82 1687 107 29 1367 67 1872 31 918 1708 1709 1710 368 
1711 1712 1713 1714 1715 1368 369 1716 896 68 1873 32 34 1801 1841 1860 1704 22 1882 27 1824 35 1369 647 69 70 1688 1061 1322 648 146 498 230 496 870 862 633 370 695 711 189 
597 859 846 576 173 533 330 346 927 352 130 587 327 934 691 133 551 390 458 622 899 940 701 738 322 292 380 530 494 556 129 733 925 513 504 489 487 628 523 929 540 538 844 
735 201 726 620 724 873 897 614 217 592 150 901 766 573 669 916 904 482 677 358 654 405 709 763 919 579 234 525 582 605 1802 613 1842 1861 1705 200 1178 1177 1176 1175 1174 
1173 1172 199 167 1171 166 1170 1169 165 197 198 611 612 880 893 886 885 892 879 1750 50 1867 1745 1734 1784 1835 1839 1885 1291 1741 485 1733 1744 1743 1742 1794 1834 1783 
1732 881 1866 3 1749 553 4 554 876 882 883 21 877 1881 26 6 888 887 0 423 424 339 657 1470 1471 1472 1473 1474 1475 1476 1477 1478 1479 1480 1481 1482 676 890 1672 914 341 
1669 1668 602 340 367 366 264 1485 265 935 1798 1703 1799 1800 426 902 903 915 30 1871 1366 72 73 1685 483 764 593 1323